exact_match,f1_score,time,step,dataset_id
0,0.1428571428571428,2.959311246871948,0,169
0,0.0,1.1325743198394775,0,270
0,0.0,1.652911901473999,0,485
0,0.0,1.081653118133545,0,72
0,0.0,1.6141161918640137,0,301
0,0.0,3.0864503383636475,0,0
0,0.2222222222222222,1.1663224697113037,0,1
0,0.16,4.844158411026001,0,2
0,0.0,1.9546222686767576,0,3
0,0.0,0.564664363861084,0,4
0,0.0,0.5075881481170654,0,5
0,0.1538461538461538,0.9618773460388184,0,6
0,0.0666666666666666,2.1631064414978027,0,7
0,0.0,2.8624706268310547,0,8
0,0.5,0.5620529651641846,0,9
0,0.0,1.4229354858398438,0,10
0,0.0,7.842819929122925,0,11
0,0.0,0.8519313335418701,0,12
0,0.4,0.8481972217559814,0,13
0,0.0,1.700598955154419,0,14
0,0.0,2.065247297286988,0,15
0,0.0,2.11196517944336,0,16
0,0.0,1.527057409286499,0,17
0,0.0,0.5214898586273193,0,18
0,0.0,1.1409249305725098,0,19
0,0.0,0.5768718719482422,0,20
0,0.0,1.073068618774414,0,21
0,0.0,1.866982698440552,0,22
0,0.0,1.311518669128418,0,23
0,0.0,0.7277090549468994,0,24
0,0.0,1.9420790672302248,0,25
0,0.1333333333333333,1.200573444366455,0,26
0,0.0,1.6113359928131104,0,27
0,0.0,1.8539340496063232,0,28
0,0.1052631578947368,2.1201229095458984,0,29
0,0.0,1.0995197296142578,0,30
0,0.0,0.5196995735168457,0,31
0,0.1538461538461538,1.7528085708618164,0,32
0,0.3333333333333333,1.0914256572723389,0,33
0,0.1538461538461538,1.371696949005127,0,34
0,0.25,1.1398508548736572,0,35
0,0.0689655172413793,8.019699096679688,0,36
0,0.0238095238095238,10.969176530838013,0,37
0,0.0,1.3197338581085205,0,38
0,0.0,2.558560848236084,0,39
0,0.2857142857142857,1.5967519283294678,0,40
0,0.0,0.7335238456726074,0,41
0,0.0,2.9495229721069336,0,42
0,0.0,1.205148220062256,0,43
0,0.208955223880597,5.550095558166504,0,44
0,0.0,2.5620880126953125,0,45
0,0.4,0.6784436702728271,0,46
0,0.5,0.3740224838256836,0,47
0,0.0,1.0781238079071045,0,48
0,0.1142857142857143,3.140416622161865,0,49
0,0.0,0.5820727348327637,0,50
0,0.0,2.1158463954925537,0,51
0,0.0,3.285084724426269,0,52
0,0.0,1.7602596282958984,0,53
0,0.0,0.6805160045623779,0,54
0,0.0,1.517036199569702,0,55
0,0.0,2.821990728378296,0,56
0,0.0,2.26697301864624,0,57
0,0.0,0.5069074630737305,0,58
0,0.1428571428571428,1.7993218898773191,0,59
0,0.0,0.8854801654815674,0,60
0,0.5714285714285715,0.6119449138641357,0,61
0,0.1578947368421052,3.987346649169922,0,62
0,0.0,2.0809342861175537,0,63
0,0.0,0.5670654773712158,0,64
0,0.0,0.6319708824157715,0,65
0,0.0,0.5424895286560059,0,66
0,0.0,1.0028691291809082,0,67
0,0.0,0.537562370300293,0,68
0,0.1538461538461538,1.639784812927246,0,69
0,0.0,0.6200969219207764,0,70
0,0.0,1.253976821899414,0,71
0,0.0,1.023298263549805,0,73
0,0.0,2.191967725753784,0,74
0,0.0,1.215782880783081,0,75
0,0.0,3.49812388420105,0,76
0,0.1,2.2643518447875977,0,77
0,0.0,0.869255781173706,0,78
0,0.0,0.6670956611633301,0,79
0,0.1333333333333333,2.867281675338745,0,80
0,0.0625,3.520480871200561,0,81
0,0.5,0.6432154178619385,0,82
0,0.8,0.6016051769256592,0,83
0,0.0666666666666666,4.9413392543792725,0,85
0,0.0,2.397402286529541,0,86
0,0.0,2.516956329345703,0,87
0,0.0,0.4953687191009521,0,88
0,0.0434782608695652,4.851593255996704,0,89
0,0.0,6.159450531005859,0,90
0,0.4,0.6882178783416748,0,91
0,0.4,1.129582405090332,0,92
0,0.0,1.847790241241455,0,93
0,0.1,2.816385507583618,0,94
0,0.08,2.365229606628418,0,95
0,0.0,2.15864372253418,0,96
0,0.0,3.122788906097412,0,97
0,0.0,3.038658618927002,0,98
0,0.0869565217391304,2.0927622318267822,0,99
0,0.0,2.78976845741272,0,100
0,0.08,3.3315300941467285,0,101
0,0.1481481481481481,2.295579671859741,0,102
0,0.1666666666666666,1.385216236114502,0,103
0,0.0,0.9200761318206788,0,104
0,0.0,0.5110080242156982,0,105
0,0.25,1.9638819694519043,0,106
0,0.0,0.7328999042510986,0,107
0,0.0,4.820847988128662,0,108
0,0.0,2.2383737564086914,0,109
0,0.0,1.182826042175293,0,110
0,0.2222222222222222,2.071239948272705,0,111
0,0.0,4.000512361526489,0,112
0,0.0,0.8209936618804932,0,113
0,0.0,0.6709861755371094,0,114
0,0.1052631578947368,2.0618321895599365,0,115
0,0.0,0.8000726699829102,0,116
0,0.0,0.8045072555541992,0,117
0,0.0952380952380952,2.829913854598999,0,118
0,0.0363636363636363,6.359616279602051,0,119
0,0.0869565217391304,6.115018606185913,0,120
0,0.0,1.1412553787231443,0,121
0,0.0,2.796032428741455,0,122
0,0.0,2.296708822250366,0,123
0,0.0,1.298844337463379,0,124
0,0.0,3.470643281936645,0,125
0,0.0,0.7380800247192383,0,126
0,0.0,1.0748891830444336,0,127
0,0.0,2.271684169769287,0,128
0,0.0,1.5179510116577148,0,129
0,0.0,1.9778995513916016,0,130
1,1.0,0.3944861888885498,0,131
0,0.0,0.4106054306030273,0,132
0,0.0,1.574559211730957,0,133
0,0.0,1.2217912673950195,0,134
0,0.0,0.9132838249206544,0,135
0,0.0,2.3474209308624268,0,136
0,0.0,1.886446714401245,0,137
1,1.0,0.612299919128418,0,138
0,0.2,1.28979229927063,0,139
0,0.25,2.5912060737609863,0,140
0,0.25,2.0086989402771,0,141
0,0.0,1.7927405834197998,0,142
0,0.0,7.047278642654419,0,143
0,0.0,1.3859777450561523,0,144
0,0.1481481481481481,2.5948381423950195,0,145
0,0.0377358490566037,7.176708936691284,0,146
0,0.0,1.402190923690796,0,147
0,0.0,0.5035159587860107,0,148
0,0.1818181818181818,0.9977262020111084,0,149
0,0.0,0.7490687370300293,0,150
0,0.0606060606060606,3.2881526947021484,0,151
0,0.0,0.4523806571960449,0,152
0,0.0,1.1954078674316406,0,153
0,0.0,4.718017816543579,0,154
0,0.0,1.5116684436798096,0,155
0,0.0,0.6751158237457275,0,156
0,0.0,0.7359821796417236,0,157
0,0.0,0.7022888660430908,0,158
0,0.0,1.0662729740142822,0,159
0,0.0,1.039592742919922,0,160
0,0.2222222222222222,1.1003427505493164,0,161
0,0.0,0.4501786231994629,0,162
0,0.0,2.7101547718048096,0,163
0,0.0,1.3851525783538818,0,164
1,1.0,0.5128436088562012,0,165
0,0.0357142857142857,7.322371482849121,0,166
0,0.0,3.991092205047608,0,167
0,0.0,4.83462929725647,0,168
0,0.1428571428571428,1.627514123916626,0,170
0,0.2666666666666667,1.7178964614868164,0,171
0,0.0879120879120879,9.68620467185974,0,172
0,0.1052631578947368,2.4161713123321533,0,173
0,0.0,2.349087238311768,0,174
0,0.1408450704225352,9.740286827087402,0,175
0,0.054054054054054,3.962547063827514,0,176
0,0.0999999999999999,2.187124252319336,0,177
0,0.123076923076923,8.72917628288269,0,178
0,0.0588235294117647,8.92099404335022,0,179
0,0.0,10.9016592502594,0,180
1,1.0,0.5500578880310059,0,181
0,0.0625,8.519597291946411,0,182
0,0.0,8.334906339645386,0,183
0,0.2857142857142857,1.1461129188537598,0,184
0,0.0,0.4667031764984131,0,185
0,0.0333333333333333,7.902052640914917,0,186
0,0.0,4.196049213409424,0,187
0,0.0,0.5437438488006592,0,188
0,0.037037037037037,6.259603023529053,0,189
0,0.0,0.6776878833770752,0,190
0,0.0,1.5170083045959473,0,191
0,0.0,4.70556378364563,0,192
0,0.3,2.070457696914673,0,193
0,0.1333333333333333,1.7544283866882324,0,194
0,0.0,0.6766951084136963,0,195
0,0.6666666666666666,0.513869047164917,0,196
0,0.0,3.623080253601074,0,197
0,0.0,2.279402256011963,0,198
0,0.0,6.857872724533081,0,199
0,0.0,0.609771728515625,0,200
0,0.0,0.5005240440368652,0,201
0,0.1666666666666666,1.362800121307373,0,202
0,0.0,1.0647244453430176,0,203
0,0.0,1.4010770320892334,0,204
0,0.0,1.340045928955078,0,205
0,0.0,0.6339857578277588,0,206
0,0.5,0.5375659465789795,0,207
0,0.0,0.470355749130249,0,208
0,0.0,3.607754468917847,0,209
0,0.0,0.4221305847167969,0,210
0,0.0425531914893617,7.369585752487183,0,211
0,0.0,0.4578638076782226,0,212
0,0.3076923076923076,1.3163704872131348,0,213
0,0.0357142857142857,7.0664427280426025,0,214
0,0.0,0.5178031921386719,0,215
0,0.0,2.581190347671509,0,216
0,0.0,0.3968350887298584,0,217
0,0.1176470588235294,2.0936431884765625,0,218
1,1.0,0.4655060768127441,0,219
0,0.0,2.022299766540528,0,220
0,0.048780487804878,4.31924033164978,0,221
0,0.0,1.3629696369171145,0,222
0,0.0909090909090909,2.161322116851806,0,223
0,0.6666666666666666,0.9410629272460938,0,224
0,0.0,1.159698247909546,0,225
0,0.0,1.864977598190308,0,226
0,0.1333333333333333,1.1443073749542236,0,227
0,0.0,2.80173134803772,0,228
0,0.0,0.7510426044464111,0,229
0,0.3076923076923077,1.3836619853973389,0,230
0,0.0909090909090909,2.42604923248291,0,231
0,0.24,4.710554122924805,0,232
0,0.0338983050847457,7.155307054519653,0,233
0,0.0263157894736842,9.338894367218018,0,234
1,1.0,0.4676117897033691,0,235
0,0.0341880341880341,14.773090839385986,0,236
0,0.0784313725490196,9.010949611663818,0,237
0,0.0,0.5921928882598877,0,238
0,0.0,1.1341304779052734,0,239
1,1.0,0.6296336650848389,0,240
0,0.0,0.5058114528656006,0,241
0,0.0909090909090909,2.435994863510132,0,242
0,0.0384615384615384,6.015514850616455,0,243
0,0.0449438202247191,9.712843418121338,0,244
0,0.0,1.7588346004486084,0,245
0,0.0,1.0871844291687012,0,246
0,0.0,4.928088903427124,0,247
0,0.1818181818181818,1.1748957633972168,0,248
0,0.0714285714285714,5.82768177986145,0,249
0,0.0,4.109397888183594,0,250
0,0.0,0.5730447769165039,0,251
0,0.0,2.731700897216797,0,252
0,0.0,1.9215350151062007,0,253
0,0.0,0.6547200679779053,0,254
0,0.0,3.178170919418335,0,255
0,0.0,0.6044526100158691,0,256
0,0.1333333333333333,1.144117832183838,0,257
0,0.0,1.3518552780151367,0,258
0,0.0,0.7707216739654541,0,259
0,0.0,0.5297317504882812,0,260
0,0.0689655172413793,2.973352193832397,0,261
0,0.0,2.733338117599488,0,262
0,0.027027027027027,9.17243218421936,0,263
0,0.0,0.7924115657806396,0,264
0,0.0,0.7837307453155518,0,265
0,0.2857142857142857,0.697629451751709,0,266
0,0.0,0.6910552978515625,0,267
0,0.0,2.279428720474243,0,268
0,0.0,0.7446701526641846,0,269
0,0.8,0.7500326633453369,0,271
0,0.0,0.6473844051361084,0,272
0,0.0,1.7695708274841309,0,273
0,0.08,2.7752456665039062,0,274
0,0.0,1.2681593894958496,0,275
0,0.1111111111111111,1.8718302249908447,0,276
0,0.25,0.750403881072998,0,277
0,0.0,0.7034015655517578,0,278
0,0.0,2.837029933929444,0,279
0,0.0714285714285714,5.497788906097412,0,280
0,0.0,1.931912183761597,0,281
0,0.2,0.5026390552520752,0,282
0,0.0,0.3915653228759765,0,283
0,0.0,0.4867055416107178,0,284
0,0.074074074074074,2.896701097488404,0,285
0,0.0,3.823089838027954,0,286
0,0.0,0.9658052921295166,0,287
0,0.0,1.2515058517456057,0,288
0,0.0,0.720454216003418,0,289
0,0.0,0.7607693672180176,0,290
0,0.0,0.4166703224182129,0,291
0,0.0,0.5735688209533691,0,292
0,0.0,0.829010009765625,0,293
0,0.0,0.4816262722015381,0,294
0,0.3636363636363636,1.1996738910675049,0,295
0,0.0,1.1842072010040283,0,296
0,0.0,15.73234224319458,0,297
0,0.0,0.706383228302002,0,298
0,0.0,1.1663365364074707,0,299
0,0.0,3.605466604232788,0,300
0,0.0,1.0196101665496826,0,302
0,0.0,0.6731805801391602,0,303
0,0.0,0.8573062419891357,0,304
0,0.0,0.8338296413421631,0,305
0,0.0,0.6613383293151855,0,306
0,0.0,0.976276397705078,0,307
0,0.0,0.9816880226135254,0,308
0,0.0,1.7439014911651611,0,309
0,0.0327868852459016,6.894231796264648,0,310
0,0.0,0.5804574489593506,0,311
0,0.0833333333333333,2.7300901412963867,0,312
0,0.0606060606060606,2.6472268104553223,0,313
0,0.2,1.3738558292388916,0,314
0,0.0,0.8684427738189697,0,315
0,0.0,0.8594570159912109,0,316
0,0.0,1.4140691757202148,0,317
0,0.2105263157894736,1.9487605094909668,0,318
0,0.0,0.583366870880127,0,319
0,0.0,2.0737767219543457,0,320
0,0.08,2.4839017391204834,0,321
0,0.0975609756097561,5.86081600189209,0,322
0,0.0,1.9640369415283203,0,323
0,0.0,2.809560060501098,0,324
0,0.0,0.7991194725036621,0,325
0,0.1428571428571428,1.8066747188568115,0,326
0,0.0,2.733283281326294,0,327
0,0.1428571428571428,1.4437737464904783,0,328
0,0.0,0.4633121490478515,0,329
0,0.0,0.5015091896057129,0,330
0,0.0,0.7794187068939209,0,331
0,0.0,2.035417556762696,0,332
0,0.0526315789473684,5.685574293136597,0,333
0,0.1818181818181818,2.8832437992095947,0,334
0,0.08,2.321842908859253,0,335
0,0.0,2.416865348815918,0,336
0,0.0,0.6033985614776611,0,337
0,0.0,1.2490253448486328,0,338
0,0.0869565217391304,2.525968074798584,0,339
0,0.0,1.709749698638916,0,340
0,0.0,7.840652942657471,0,341
0,0.0,0.3836503028869629,0,342
0,0.0,0.3896541595458984,0,343
0,0.0,0.469602108001709,0,344
0,0.6666666666666666,0.5702390670776367,0,345
0,0.0,0.5315687656402588,0,346
0,0.1052631578947368,7.824487447738647,0,347
0,0.0625,3.252037286758423,0,348
0,0.1290322580645161,3.0057449340820312,0,349
0,0.04,7.320273160934448,0,350
0,0.5,0.5964517593383789,0,351
0,0.5,1.0316731929779053,0,352
0,0.0,1.1777117252349854,0,353
0,0.0,2.065082311630249,0,354
0,0.4444444444444445,1.1548361778259275,0,355
0,0.3076923076923077,1.5952427387237549,0,356
0,0.2857142857142857,0.9076519012451172,0,357
0,0.2,0.9855241775512696,0,358
0,0.0,2.932417631149292,0,359
0,0.0,9.45818543434143,0,360
0,0.0799999999999999,2.672399044036865,0,361
0,0.1052631578947368,1.825078248977661,0,362
0,0.0,0.7300636768341064,0,363
0,0.0,2.410043478012085,0,364
0,0.0,1.2772698402404783,0,365
0,0.0,1.2722675800323486,0,366
0,0.5,0.8744261264801025,0,367
0,0.16,2.364221572875977,0,368
0,0.4,0.6083018779754639,0,369
0,0.0,3.4792888164520264,0,370
0,0.1333333333333333,3.7013344764709473,0,371
0,0.0,1.3945598602294922,0,372
0,0.0,0.6719770431518555,0,373
0,0.3333333333333333,0.8705368041992188,0,374
0,0.0526315789473684,3.7461321353912354,0,375
0,0.054054054054054,3.53540587425232,0,376
0,0.1176470588235294,2.076566934585572,0,377
0,0.0,0.5898542404174805,0,378
0,0.25,1.3150537014007568,0,379
0,0.0,0.4564604759216308,0,380
0,0.0,0.885324239730835,0,381
0,0.0,0.741633415222168,0,382
0,0.0,1.1026906967163086,0,383
0,0.0,2.429945945739746,0,384
0,0.0,0.7048344612121582,0,385
0,0.0,0.4759194850921631,0,386
0,0.0,0.5752670764923096,0,387
0,0.0,2.4541778564453125,0,388
0,0.0,0.3925940990447998,0,389
0,0.0,0.5147268772125244,0,390
0,0.0,3.342905282974243,0,391
0,0.0,0.584301233291626,0,392
0,0.0,0.4586148262023926,0,393
0,0.0,2.30647349357605,0,394
0,0.1538461538461538,1.6220510005950928,0,395
0,0.25,0.6894521713256836,0,396
0,0.0,0.5166962146759033,0,397
0,0.0,0.541511058807373,0,398
0,0.0,1.7870938777923584,0,399
0,0.0,2.276641845703125,0,400
0,0.0131578947368421,15.315544128417969,0,401
0,0.0,0.4940950870513916,0,402
0,0.0,3.980299234390259,0,403
0,0.0,2.031756639480591,0,404
0,0.1298701298701298,7.748361825942993,0,405
0,0.25,0.6775908470153809,0,406
0,0.0,6.973564863204956,0,407
0,0.5,0.5825066566467285,0,408
0,0.0,1.2518177032470703,0,409
0,0.0,0.5486354827880859,0,410
0,0.0,0.5040161609649658,0,411
0,0.0,3.6891098022460938,0,412
0,0.0816326530612245,10.698607921600342,0,413
0,0.0547945205479452,10.456867218017578,0,414
0,0.1935483870967742,2.301595449447632,0,415
0,0.0,2.665690898895264,0,416
0,0.0377358490566037,5.73004412651062,0,417
0,0.0444444444444444,5.691366672515869,0,418
0,0.1176470588235294,1.7507741451263428,0,419
0,0.064516129032258,1.140906572341919,0,420
0,0.0,1.25718355178833,0,421
0,0.0,1.801834344863892,0,422
0,0.0,0.8007810115814209,0,423
0,0.5,0.5880246162414551,0,424
0,0.0,0.4259881973266601,0,425
0,0.0,1.1594631671905518,0,426
0,0.0,2.730431079864502,0,427
0,0.0,4.74770975112915,0,428
0,0.1702127659574468,5.82327127456665,0,429
0,0.0,0.9683117866516112,0,430
0,0.25,0.5871775150299072,0,431
0,0.0,0.4559307098388672,0,432
0,0.0,0.5687260627746582,0,433
0,0.0,1.0843505859375,0,434
0,0.0,0.3748326301574707,0,435
0,0.0,0.3829290866851806,0,436
0,0.8,0.8801195621490479,0,437
0,0.0,0.4782311916351318,0,438
0,0.0,1.8051416873931885,0,439
0,0.0,0.7694294452667236,0,440
0,0.0,0.9777626991271972,0,441
0,0.0869565217391304,2.026932001113892,0,442
0,0.0,0.609217643737793,0,443
0,0.0,0.4449315071105957,0,444
0,0.0,0.4178895950317383,0,445
0,0.0,0.6648421287536621,0,446
1,1.0,0.4762341976165771,0,447
0,0.0,1.0931363105773926,0,448
0,0.2352941176470588,1.5348975658416748,0,449
0,0.6666666666666666,0.545175313949585,0,450
0,0.0,0.7809743881225586,0,451
0,0.0,1.5766258239746094,0,452
0,0.0,0.592674970626831,0,453
0,0.0,0.6005203723907471,0,454
0,0.0,0.4880743026733398,0,455
0,0.0,2.64404296875,0,456
0,0.0,0.7051677703857422,0,457
0,0.0,5.794926166534424,0,458
0,0.0,3.786411285400391,0,459
0,0.0,2.269370079040528,0,460
0,0.0,0.3940973281860351,0,461
0,0.0,2.5546364784240723,0,462
0,0.0,2.855098962783813,0,463
0,0.0,0.8503220081329346,0,464
0,0.0,4.203954696655273,0,465
0,0.5,0.6929299831390381,0,466
0,0.1111111111111111,1.367485761642456,0,467
0,0.0,0.4965484142303467,0,468
0,0.2857142857142857,1.0457468032836914,0,469
0,0.0,3.153009414672852,0,470
0,0.0,2.8836939334869385,0,471
0,0.0,3.356924057006836,0,472
0,0.0,1.408076524734497,0,473
0,0.1666666666666666,1.2113163471221924,0,474
0,0.0,2.944762706756592,0,475
0,0.0,1.6937813758850098,0,476
0,0.2,0.5689530372619629,0,477
0,0.0,0.5690398216247559,0,478
0,0.2857142857142857,0.9268653392791748,0,479
0,0.0,2.970851182937622,0,480
0,0.0,1.7536768913269043,0,481
0,0.0,0.5119075775146484,0,482
0,0.0,1.3356781005859375,0,483
0,0.4,0.6569690704345703,0,484
0,0.0,2.582848310470581,0,486
0,0.0,0.672435998916626,0,487
0,0.0,0.6678295135498047,0,488
0,0.0,1.287177324295044,0,489
0,0.2,1.772759199142456,0,490
0,0.2857142857142857,1.9792888164520264,0,491
0,0.0,1.8019652366638184,0,492
0,0.08,2.7105817794799805,0,493
1,1.0,0.553516149520874,0,494
0,0.0,0.497307538986206,0,495
0,0.0,0.5347115993499756,0,496
0,0.0,1.929930686950684,0,497
0,0.0,1.2467269897460938,0,498
0,0.0,3.663769245147705,0,499
