exact_match,f1_score,time,step,dataset_id
1,1.0,3.8820250034332275,1,945tBlPoKsnHp4m96z6_5la565
0,0.27272727272727276,5.335065841674805,1,967mE-YQ6GKIOciQhgemIuu498
0,0.08695652173913043,6.06026029586792,1,2684Tsl9g-K98ihJB9COTF6d1011
0,0.3157894736842105,6.02706503868103,1,3013qWOe5GAKobQj6VkNX1a83834
0,0.4,3.9740092754364014,1,3036vybNVfi22WAmwyXaCyoP3790
1,1.0,0.5523467063903809,0,575_whZmLvyvEEXouWkoc8Q185
0,0.16666666666666666,1.4987165927886963,0,701k_RQvhmFwArZx0ORLSmx2876
0,0.8,4.351031541824341,1,1169sLy1F9DsgmSEU3gCb28W3246
1,1.0,3.669800281524658,1,6697jIYtcKSoYakHzaLUALm2953
0,0.30769230769230765,1.2170369625091553,0,1767ntexZ4EBPQrmdM1oWDDE3503
0,0.6666666666666666,5.486855983734131,1,2071kHxLVZsdxtm6xVPXQcML1588
0,0.3571428571428571,5.781206369400024,1,2422AkNZxKVfPVF92vs5qzLX3610
0,0.0,5.2480103969573975,1,3009H9M_TNpQCxuXCdfB9kCI3841
0,0.0,1.4437427520751953,0,593kmxrhCum30V8LO3FwczX131
0,0.0,1.2946505546569824,0,1792pLMxkyBoluA32NPBVhWK3450
0,0.0,3.3694725036621094,1,954ewPFqe0IjyBJN77y7QiK538
0,0.5714285714285715,4.347831726074219,1,2686JOWKciP4s6sWuWPuyo-d1005
0,0.631578947368421,4.15367865562439,1,846dI6s8NANbI0cXEx7WJXa2761
1,1.0,5.386192321777344,1,2125Vbp22wSh0VwBbUKAfI0y1435
0,0.5,5.513545274734497,1,866LtsA6S3dXyfEn4lwSbj-2706
0,0.6666666666666666,4.577408790588379,1,882doeTQayJlOLXdbcJEWxe2666
0,0.0,10.088021278381348,0,924h9Ft9SWd5mJ8NvTErCl72554
1,1.0,3.683100938796997,1,635Jf_-DqbwtcPrT7rU-Jws10
0,0.6666666666666666,4.326304912567139,1,2098D1dsKeKH0xANz6zd6LSO1513
0,0.2222222222222222,5.069197416305542,1,8982jMja-0mYqXcdvoFxJxW2630
0,0.0,1.1755566596984863,0,2062VZLt42f5YfL_F5YiZJ9_1614
0,0.7272727272727273,4.973763704299927,1,2375ik4L_hJmM72qf0e1dYMH3698
0,0.0,5.477208375930786,1,988aqEFeThHG5fa_FOI-9nu436
0,0.0,0.6286463737487793,0,683aqqwKP1KduPxIkVF7N9F2917
1,1.0,4.313547849655151,1,660LK3Me9by6QtGlAhc9ZgG2978
0,0.1,3.508098840713501,1,1342n57h5KFhZrmo2TPiuwv5845
0,0.2857142857142857,4.48042368888855,1,1775dGCKacaEaf4vXnKBh4Rd3488
0,0.6363636363636365,3.2406671047210693,1,879e8JaFZiS1bIPJKfr-NO82676
0,0.028985507246376812,9.32996654510498,0,604BaVh8B5igEaFS0x8dDlu99
0,0.7000000000000001,5.1925694942474365,1,684byYz4orMrh60-Fxhgy3n2915
0,0.09523809523809523,8.79223895072937,0,667rAHXuSUPsljQVxvIq2TT2958
0,0.13333333333333333,1.1539857387542725,0,2499V-2FlPo6WVsoWpisdH6C1783
1,1.0,4.026471853256226,1,24325JvjgPXosVnug4HXcsdC3598
1,1.0,3.6549718379974365,1,1469nqp1NXhfX10HhPcrdOO62071
0,0.0,1.8074333667755127,0,22165cE4SIrSj4XGK-I-cUmM4056
0,0.0,1.192007064819336,0,1216-uAt0pBo8VUzVu7fmS2y3107
0,0.18181818181818182,1.1532282829284668,0,1149B_z0nE_Bw4gpJMErDvZF3303
1,1.0,0.5757367610931396,0,1825MtNCYtNGCoORkHQFRAhq3374
0,0.0,0.6973345279693604,0,2593NhMXH8FIz_rRIuHg7cJ32408
0,0.34782608695652173,6.5338568687438965,0,2969gQlMvd6FhSZMcTlnE-C13935
0,0.3636363636363636,5.853124380111694,0,2224WT9qVEbYuJZkZlYlFqvu4038
1,1.0,4.493972063064575,1,985ZjvvC0gTx6zRqASlgtzC445
1,1.0,4.838468551635742,1,1965XlnqIGyuwSvdQjdZBJ8t2263
0,0.6666666666666666,4.917464256286621,1,9708OuWanhVP-hqUoh93Luk490
0,0.37647058823529417,16.709661960601807,0,1590DQgHfimikqgwh-c_JwUe1261
0,0.16,1.8577489852905273,0,1023T61MYdUxsFVCRfnKl5B0345
0,0.9473684210526316,3.7031993865966797,1,1475f3__mr6HOl60yEXYvb4i2059
0,0.8571428571428571,5.094505071640015,1,2109wDBr_5DTMGUIMawARy5V1481
0,0.45161290322580644,7.09052300453186,1,29814YmrvhgM84gEBT0lVxvw3906
1,1.0,4.39366888999939,1,24419ElQ6t4Xid93KqYjJXMT1915
1,1.0,4.275385856628418,1,564nvWBMTyMNmhonDBcxkha218
0,0.15384615384615383,0.7625319957733154,0,983lsArLcvfSEq21Yv9hyIq451
1,1.0,3.88956880569458,1,1618DNm6lX3wftxfj2fnuyVr1186
0,0.4444444444444445,0.9073452949523926,0,869tyTpa9rKUcCPdLKs8WYm2699
0,0.6153846153846153,3.605001926422119,1,1823OCTxsYW2VwXgoqBEFKRB3380
0,0.8,3.8213284015655518,1,1835xWOwAfgrbHJnPbJjkinW3346
0,0.625,4.146718263626099,1,29746uLZOTxxVUkngoUfAtI03924
1,1.0,3.2148802280426025,1,8616U9DJ4emRPwsHZTqmdGu2714
1,1.0,4.5284423828125,1,2997uuJN0Yt55vdTFyk9kAUA3869
0,0.0,3.4216573238372803,1,2703tHS1apl2j5UgPSEuvXw2955
0,0.4,5.471848011016846,1,2124hG4KLqALJOOHr-3PHVOG1436
0,0.5,5.258698225021362,1,1559OCcb7F7icUkYfeTFgLDJ1339
0,0.888888888888889,4.8113112449646,1,942YwxEcLEOCAotnSzvxJj-575
0,0.6666666666666666,4.362147569656372,1,2148ORbgn9xAFsNQtzXY__rj4228
1,1.0,4.01654839515686,1,2561RPearP2qJJF5nNBvVQ1L2467
1,1.0,10.279172420501709,0,948uYfQaDqdMCAYnSxY-SL1556
0,0.5,3.3359649181365967,1,2063xkIouWNgoRjOGLoCZ1bE1611
0,0.6,3.4113762378692627,1,2358jqFEmp4cxrm3AWKZILMj3737
0,0.0,1.7306146621704102,0,8521sw4TcnPagCQEoFKD9fN2741
0,0.7499999999999999,4.52186131477356,1,2733NKE9l-FIURwp5kMM_ty2874
0,0.125,7.414383888244629,0,901d0BwILQTPPl4oiAkiW0N2621
0,0.7058823529411764,4.500629186630249,1,134108m1Km6HBkINwlourrYc849
0,0.25,1.7920231819152832,0,873MgMnuCFZMazeJj3xQgmP2691
1,1.0,4.92410135269165,1,2574e_nCnMlZf6mrQzmO3LZo2447
0,0.1,2.0273208618164062,0,4cba4b140f94427bb0f62c4a02363f25
1,1.0,4.704569101333618,1,1231cJjNwm3bfsTH7qWJy5MR3063
0,0.0,0.8118264675140381,0,2697v70pWXgc-DSg0veQwf_g972
0,0.0,2.34039044380188,0,30233J2ge9fEFX4YilpwWlsN3810
0,0.5,4.48102068901062,1,663-JJ9KuxO4ce29ftc42bp2969
0,0.5652173913043478,6.816597938537598,1,25775PQIxbBRzGch8_9ktspn2442
0,0.09090909090909091,11.475656270980835,0,998p1ztLXm5gKJajkvwEEjf414
0,0.1739130434782609,2.2098822593688965,0,1362BPgQJxJaOhV-CP2tGeBk786
0,0.8,4.494587182998657,0,1473IwZwglReS87tV2cQBA732060
0,0.5405405405405406,6.502336502075195,1,22218q38c0YRb2JXvtSd0Nqf4044
0,0.10294117647058823,15.585535287857056,0,1975vLuOp8gEBc7-d27D_PJt2244
0,0.0,0.7913346290588379,0,15263OLWSlkXpClkcExQ-34k1956
0,0.4210526315789474,8.832568168640137,1,2220FiinFvsU7-YyZ30zv8jY4048
0,0.45454545454545453,4.5072431564331055,1,2344eMszMywnP_KtAXxgyVLS3770
1,1.0,5.1523401737213135,1,2010WZCaJ4UATWnu47fC8x_q2194
0,0.8,3.8122456073760986,1,1553HtIHHM40j_HGKzQ8UC-Q1357
0,0.15384615384615385,6.210015535354614,1,2011BmOhqTJO6XDvfA1PRl622189
0,0.608695652173913,5.550546646118164,0,1218OExrGg3DDUqQ_BBB10Tn3103
0,0.4,6.28379487991333,1,2132y4UclYrIoM9EfY6q0cLU1413
1,1.0,3.7500052452087402,1,14184ScD3kP338oXI7mRSkqg634
1,1.0,3.7847518920898438,1,2378CpxWEhm9XQDMTUWPL6Gj3690
0,0.22641509433962265,5.3284831047058105,0,1979k__dYe4eh0JcWo4LS3y02238
0,0.2,1.123443841934204,0,1535JT_lXL_OClCIRi_Kf0od1932
0,0.06349206349206349,13.227659225463867,0,2620OCzi6sRLt3mGvqENj2_f2358
0,0.0,2.6092333793640137,0,1139_-7833hNxUF5gGfQFr7N3334
0,0.47058823529411764,4.1753644943237305,1,2175S4MitjCgK9hknprHvclr4155
0,0.5925925925925926,5.949102401733398,1,2973V3Yh88dWwEdfJb_tftSD3927
1,1.0,4.085596799850464,1,7102gW4oVzoXhOyiAji75BJ2854
1,1.0,3.3388967514038086,1,2351OjCB7Jc7RLtLp2D0LO6_3756
0,0.33333333333333326,6.36139440536499,1,11681N3h2EdimO-bHyAXIg3U3250
1,1.0,4.200889825820923,1,1469FeepfYJGM-RcHVUumiAM2073
0,0.42105263157894735,17.266195058822632,0,2204OiV3FwpDb5okA_ERACO-4085
0,0.6923076923076924,5.617988348007202,1,2232C9tE6pI8bHZ63YEfofZm4013
0,0.06666666666666668,8.165098905563354,1,29911GwDefKvNAdit4U50-4e3883
1,1.0,3.5735952854156494,1,1164efJ2bD2I51tG9DDDy2263262
0,0.25,5.593112230300903,1,1005kUSQjnYNjRyPCjiXwSaB398
0,0.25,5.577071189880371,1,1166mDE1LWP75imlcmsDPZ4x3256
0,0.8,5.970892429351807,1,5532TWtKb03tsQH8Wep0CiY251
0,0.0,9.092160701751709,0,156057Z3OOwBTdwP-hDQ9L4U1338
0,0.06896551724137931,4.160968542098999,0,2150mk9STtYfvVPdRfNOdnih4223
1,1.0,8.93795657157898,0,15234HN9qI_Z1BT9PU4i4eXx1966
0,0.11764705882352941,3.264362096786499,0,2426FvIaTEpxUSzdWjZW6ctB3605
0,0.07547169811320754,5.470871448516846,0,1437oSS908LBdCS-R1lhS_zZ587
0,0.8,4.706460237503052,1,1422Mg4SCjSUB1ipbjJhHLQV621
0,0.4444444444444444,1.8047127723693848,0,1345JzmbSlEwtFkj07wPh-DW836
1,1.0,5.365150451660156,0,1219odhtmia1JdsfFwCJXe5O3098
0,0.8,4.352980613708496,1,1546DCalUExqBzLjIbfKVwJ-1374
1,1.0,4.282155752182007,1,656YB8T90k-pyOHOCeclaxG2988
0,0.6666666666666666,6.041570663452148,0,24607rfeko8svDiw7ESyatwy1870
1,1.0,3.697186231613159,1,1175kIOD5y8d7_nFY3yGAH-q3230
0,0.26315789473684204,7.433367729187012,1,982TPLydrP2xNnL4eYgSPrZ453
0,0.4666666666666667,6.489309072494507,1,1359atcV3Ym9xm3K3Feuwic1793
0,0.5,5.348466157913208,1,2520AJw6yorsA0GUmWlSBDMa1735
1,1.0,5.289356231689453,1,15928E8pxEJmfNp4i0dvTpic1257
1,1.0,4.879772901535034,1,2994z92F6tuanrTZ7p_1PiGz3877
0,0.4,4.78572416305542,1,1791pNJzKyWbh6wW0KOK91ow3451
0,0.5714285714285715,4.6968183517456055,1,617iyLwPnEkb8aandhPxiQ265
0,0.5454545454545455,5.110718011856079,1,1011MjRtXOyGZ4-GuFtMmFil378
0,0.4,0.9083492755889893,0,2363jyeSrDuTiJf_bqAPDD473726
0,0.19999999999999998,1.133634090423584,0,2353LXtRRUsp_KUtkJvbyF5G3749
0,0.047619047619047616,3.595820188522339,0,2205ENHOPLj9Z8oxm2fYD6lB4084
0,0.23076923076923078,7.93940544128418,1,2496BbugoKX7EuTf6XE9o7do1792
1,1.0,4.311246633529663,1,2124d8CiYUpjOQQmj4tL4X0v1437
0,0.10526315789473684,4.155150651931763,0,1363vktTqXoQ53guY-ds-40F783
0,0.0909090909090909,2.0675597190856934,0,24874ZExUiMVxjjNDRJVHXGS1814
0,0.0,3.7506940364837646,0,2736DC0e2KjXgGVcPZ2WLIxz867
0,0.0196078431372549,10.78224229812622,0,2425oi8tztQpIN1A44b1j3AL3606
1,1.0,4.54871940612793,1,1021PPK-R-xW8kEi9x6y3ozh353
1,1.0,5.078015327453613,1,2569SVBHC-JT-ZpiERWOXHiR2453
1,1.0,10.357831954956055,0,2980C0U4pvUngKDisOcpNW3q3908
0,0.5,3.748523712158203,1,2595p6qxVIXlogFl1fTrX8fj2404
0,0.5714285714285715,4.555762052536011,1,653EYaIRqmXIngKYek45pE52994
0,0.6666666666666666,4.378002643585205,1,2498Ntl0yuQwIc1zcFl2LEt61786
0,0.15384615384615385,8.483006715774536,0,2152-7ZSgzVAfI8TDcdpWpW94218
0,0.125,4.709879636764526,1,668cWm_2tZEF2k08oPyz6iV2954
0,0.16666666666666666,1.421358346939087,0,1212dbfx54ZtFkSuZ70MXWTY3119
0,0.0,0.50592041015625,0,2020ubB0JZzHv_29zd0WpIjn2175
0,0.0909090909090909,2.1053035259246826,0,1622VzIGjCK9OcMrN2AGi78L1173
1,1.0,3.867283821105957,1,725i6Izvs08W85ROtPNlm8D2813
0,0.64,5.622339725494385,1,2114PF_Hzr-w95B50r8JycTn1467
0,0.5,5.0538740158081055,1,2368ntygnzFhoyFjtl0dQR5j3714
1,1.0,4.585835218429565,1,294512JZuY3wtRUnM7xV5Lvx3985
0,0.09090909090909091,2.7989299297332764,0,1781sbFFllrurUSJ_Gr41cCI3472
1,1.0,3.758796453475952,1,1566OYiRrAn9nhAe8krxhhlH1318
0,0.7499999999999999,4.2672343254089355,1,1024EAnLzPugg_3Icp64grI8343
1,1.0,0.565497636795044,0,593JhF3rLLX0PCam0j2bU_P129
0,0.09523809523809523,2.1950948238372803,0,73512a0d242c474aa4bc1a4a545ce8e9
0,0.08333333333333334,3.0887508392333984,0,1746xFkEmAdD0clAPlBABufm3565
0,0.049999999999999996,3.6404712200164795,0,6907GyyauVbz0gBDeg6Ql0l2899
1,1.0,0.5343532562255859,0,1809bhj4Kq1QgmejP4IfyOPD3415
1,1.0,3.8070871829986572,1,1446OxQzkmFxIj-VPbEUcz7j2119
0,0.8571428571428571,11.857700109481812,0,1007UIE-H0wbpcNQZ4pjpJnS390
1,1.0,3.494114637374878,1,1517RRHHjHDzsegVV1oTrpCQ1978
0,0.75,5.302789211273193,1,2211wsW8oNaSRcLGzwyfLWhi4065
0,0.5,3.426506757736206,1,2700ouBGuI-BEf84sS7uN4t6964
0,0.1875,4.119484901428223,0,570b8sPdCNrCb2fqPau5nlt198
0,0.9523809523809523,6.898467302322388,1,24469YIw5bTHJgIQYHoHuYLz1905
1,1.0,4.175727844238281,1,2155b4lPV6COMDxcEuBc4bUB4211
0,0.5,3.4364726543426514,1,23488dFrnyeZ5ef_I0UKSiz_3761
0,0.6666666666666666,3.5728719234466553,1,1446B3blpnHraasPEB4_1HUF2120
1,1.0,12.64066219329834,0,3032TZQwiPvD5YTjwyIxVD573795
0,0.40579710144927533,6.230282545089722,1,2457EK954cnx1sbiMZvNQ97c1880
0,0.8125,6.505767822265625,1,1964IYccs9F9IcK39eAWE_OV2266
1,1.0,4.427137136459351,1,25008jyl_fvzpJnsuFBgdiMe1779
0,0.0,7.505284547805786,1,2168J5OIY9_0JcjpUFtF-s8j4177
0,0.10526315789473685,3.7866451740264893,0,962NqL5Nn7k-2hfELK_z0pe513
0,0.0,3.849276304244995,0,2420ljk2de81UhSRuKQX3a_J3616
1,1.0,4.357393503189087,1,1837DjnvLKs92-s8s-2bK5zI3340
1,1.0,3.8595693111419678,1,2542R6iFUQ8O7GJYAaso2x7o2505
0,0.5,5.150168180465698,1,1830MpIhGxEOYndLD4ltPTIl3360
0,0.0,4.118922472000122,1,2367wI6YJctGx_TrLePW0zFT3716
0,0.0,5.498504400253296,1,2234wLjOR7Un_noOJuVXvsz_4007
0,0.8750000000000001,2.8207786083221436,1,2177rTzU3iHejo6wHiCUUGgR4151
0,0.4,5.0823211669921875,1,650c9GCkujN5yX2Hq3ptgvj3004
0,0.05263157894736842,5.300295352935791,0,2505FyMeBIza_lW5D_Zn1Sgx1770
0,0.4444444444444445,4.049617290496826,1,1741XjQ2QM-7GtyfQYYY_fET3580
0,0.0,4.283509016036987,1,1403de07gs-9JpPhLkY3NXmx677
0,0.0,1.9128124713897705,0,1976MfIZ7mAEpNhCSa8Y04ek2241
0,0.7499999999999999,4.878832101821899,1,2714-Q-L_ocw1wqi2vTyKgJx927
0,0.125,15.442349910736084,0,2211Cy7Oahng9F7-H0Oc3e544064
0,0.14814814814814814,9.767456769943237,0,2969xxQHUKBzQcM9DNUcN--Q3934
0,0.0,1.378647804260254,0,2062VZLt42f5YfL_F5YiZJ9_1615
0,0.0,4.6527087688446045,1,2030yIcovw6j8LoFsbnLcn8Q2153
1,1.0,3.0534310340881348,1,2198RDJBzVmoid4rc0bik_oO4103
1,1.0,4.354793310165405,1,25018IwgMznLBiuCDIKcy_yK1777
1,1.0,4.460785388946533,1,1165vJ-Wr8WinYRSX1Q9stZi3257
1,1.0,5.937861442565918,1,2119SJEcYcuuQpuvuba_KlGl1451
0,0.8333333333333333,4.60905385017395,1,1016CUBKrFMJ-UTMJxunATzk368
0,0.56,6.569164752960205,1,1610lit-PZD9j4XnYX8iyzdL1208
0,0.33333333333333337,1.0029385089874268,0,846pjUcdsDwdYxx6e-kSkqz2759
0,0.0,5.9822776317596436,1,2069HyPki8X6KB4Slz4xeov61593
0,0.7000000000000001,4.331812620162964,1,1207HLvv2F6G--J1iG2Sr0GT3135
0,0.0,1.4072835445404053,0,4593f14942df4650914b5eedae898cef
0,0.0,12.466481685638428,0,1818O8BoyzdI3tIZTlZQX7MJ3389
0,0.2222222222222222,1.7370076179504395,0,1942fMXkD48PYS9_snttkRcW2318
0,0.06451612903225806,3.043304443359375,0,957jTOUmKitegWSXhSu5HBC528
0,0.2545454545454546,10.77808690071106,0,2506tnNa34B-P_N92wRxsBoH1767
0,0.5714285714285715,7.836328506469727,1,2402MAhKxnMmLtfOdk-08LTn3642
0,0.8,3.981513738632202,1,663-xYs0_yfqwh5e1vCCBW72968
0,0.0,1.0120418071746826,0,1552zqZDXvKbR7jYgLwOhCO41361
0,0.07142857142857142,5.372344017028809,0,8478WHZms7MdB1ce7kHygtH2758
0,0.7499999999999999,4.048687696456909,1,2467fzJ6d5_K_QRe9CU--BXT1860
0,0.08,4.76996636390686,1,20341Pq0AyTYhP8IIzfXyUF82144
0,0.5714285714285715,5.322052001953125,1,1025Ra_IZNvQuUI7Ec5aTeot341
1,1.0,4.621441602706909,1,1596hz1gsYK5o6xA9WxD8x5Q1247
0,0.6666666666666666,5.065696477890015,1,1389NIt7VpLR3rFxLFr6lrvJ712
0,0.33333333333333337,4.932637929916382,1,858nySH6AfeIgauM40DaAIr2725
0,0.5333333333333333,12.479539394378662,0,1218OExrGg3DDUqQ_BBB10Tn3102
0,0.37499999999999994,4.600049734115601,1,1385ik6Ip2I4xXAHzd2hJNiR722
0,0.16666666666666669,4.7336509227752686,1,1814rsETf2eToNtZrivLqKSE3401
0,0.8571428571428571,5.723449945449829,1,2090kIQgIF1t7Ra3IASVYGL71532
0,0.6666666666666666,4.609292984008789,1,2578Ix0kGXjoeJXUfAshA75j2438
0,0.5161290322580646,5.374634504318237,1,2655YDVlTu5g8XP-s_xoiAGt1094
0,0.4,5.971941947937012,1,3020ZTgHQCHhDPV1YzPtr7cD3816
1,1.0,0.8454992771148682,0,1172cnB3XirJLf2l_lj2h1NR3237
0,0.0625,2.055394172668457,0,935UD7iycK3BrOizCyeWBg22526
0,0.3859649122807018,7.68445611000061,1,2585Y2N2cI4AQIUUjwHj-pWh2425
0,0.4,4.511411190032959,1,1567OzoMV2H8D1C1oKf9kJ7U1317
0,0.6666666666666666,2.9020731449127197,1,952immu55E33w37RJlOAkR0545
1,1.0,3.6385672092437744,1,2057ITnDGLVg5S2wqKJ__VIR1628
0,0.64,4.297365188598633,1,2470-I0Ycn3m1ADgtmf8Qlse1851
0,0.1,1.998758316040039,0,3c4b71cf4cf54a5d94e57f4468f19835
1,1.0,3.3218743801116943,1,1757EM0iCe2_7c-3VFdC07DP3532
0,0.2666666666666667,6.227401494979858,1,19734HA-piKOQCj9cOheHeMR2250
0,0.7999999999999999,4.638113975524902,1,1837DjnvLKs92-s8s-2bK5zI3339
0,0.631578947368421,6.574469327926636,0,939UKiLhBxA_KgLZ3hrXrJ0583
0,0.7777777777777777,1.166473627090454,0,2649du0NVM86G2VsbeYMwrgl1109
0,0.2950819672131148,9.704543352127075,1,2208FuW7GAKFmCyvVin50esl4075
0,0.5,3.124336004257202,1,1448zBLLz7KDRP88dG5hhHYA2115
1,1.0,4.222757339477539,1,1031ZvlfbMyu93rSJ9xhYFCe322
1,1.0,0.6181409358978271,0,2052RvSs680PHPtZuennk4-w1643
0,0.0,9.74518346786499,0,1224ZpkYHN34yzQX3zAz1Drn3083
0,0.6666666666666666,3.670884370803833,1,1554YNq8lJaLBlAPjkvuXlSf1355
0,0.2222222222222222,8.665365934371948,0,2507s9ZR3iJP0z5Z6_djlvFa1765
1,1.0,4.288103103637695,1,1580Swc8yb1vcok9FztLAWLx1290
0,0.45454545454545453,7.17639684677124,1,2981ylD4oznDeHfkfO4lmbTY3905
0,0.5333333333333333,5.233050107955933,1,20197usgJIJQ8MWVNmERwalT2177
0,0.7692307692307693,4.263663053512573,1,1534DljtGtyMC7VBZ7LOjAQY1936
1,1.0,5.839174032211304,0,1419tOWt7I089hJ4HUoPR6EI630
0,0.12121212121212122,2.851444721221924,0,1033Dt_nnXnaknyIGfmAyPvx317
1,1.0,3.6557793617248535,1,599uREx6nun3gOEAd8YzR5s113
0,0.8571428571428571,4.838476181030273,1,1030cFCd9o4jSm3pwYZj572K326
0,0.4,4.713350057601929,1,2508GyO7kZECUGQ3Ln8manrq1763
0,0.6666666666666666,4.408585786819458,1,17575vjW6q5vpBlTdRADa0J73534
0,0.0588235294117647,12.661638975143433,0,2383_zZGxCRJzjykFJNk3Fql3682
0,0.24000000000000002,7.116893768310547,1,710GPosYad0qKlTplL9V2RU2852
1,1.0,4.597532510757446,1,2235T3dDg5JzleG0wsFMwsrI4004
0,0.0588235294117647,3.622345447540283,0,2560nGtG9OY7-88aqDalhuYv2470
0,0.4705882352941176,6.735117673873901,1,917H85feKu7mH3ttN3VtfQZ2573
0,0.18181818181818182,1.581695318222046,0,1982gXuf8xxJfqlXCJ0lBbBx2236
0,0.5263157894736842,6.096920490264893,0,1546qtYa8CJzD3uH6TiJXvze1375
0,0.5714285714285715,5.153720378875732,1,2168vUp0MK_q-eM7E3DRDsyT4176
0,0.8,4.079232215881348,1,2632BRHiLLVNas_DcfbmC3c-2330
0,0.44444444444444436,5.01776647567749,1,2540AN6ZYtBeG5pfPlBiUeCC2510
1,1.0,4.306545734405518,1,994Sida6rlY6gttMLbmo18H294
0,0.23529411764705882,5.911049842834473,1,586KitV3SprRbS0Gf9jJzYW152
0,0.0,4.7151360511779785,1,1800AHEt4m27Eec8QRYN8CrP3433
0,0.8,4.471160888671875,1,881k4icJUV-D69snt3YwNkN2669
0,0.7692307692307692,4.667420148849487,1,2174jnPDST2ssGQAHmj94OFQ4159
0,0.9090909090909091,3.418668746948242,1,1830MpIhGxEOYndLD4ltPTIl3361
0,0.8,4.665259122848511,1,3008p0idCpuhxmLUgt3xPUiv3845
0,0.0,1.2748048305511475,0,680SoWSzZf-Vj7dvc7zwoPn2925
0,0.0,1.8151683807373047,0,2605xGWRPmjAX3zTTpbG5G9l2380
0,0.8571428571428571,4.6644556522369385,1,26727Yse7GsoM0NaNss8TBWk1046
0,0.5454545454545454,1.4097075462341309,0,15886mL2IQG8B6jETUgnOHZc1268
1,1.0,4.532633066177368,1,1461ZfZbXtvbUZA2_jR_fhkR2090
1,1.0,2.6926019191741943,1,2701_eTSfG0kbk-njomBcNgv960
0,0.5714285714285714,5.9318060874938965,0,2231oKXyKiZUC2dpEO9h9RY-4017
0,0.8,3.9714608192443848,1,2365rte00Z2XRNdvvCufE-9W3720
1,1.0,4.30025315284729,1,1234WIzl7ElikCCPk4gA-7ua3058
0,0.03389830508474576,7.166263818740845,0,2364oU8m6CS05FyyuZgf1_IG3725
0,0.0,5.017725467681885,1,10361heR9e1kTvvo1NiiW5Ae308
0,0.15384615384615385,1.3111090660095215,0,1619WNMGVblYkoUK6xqbFIWj1181
0,0.8333333333333333,11.844425678253174,0,2589xXJabxuTAbaSikLKRb-g2418
0,0.15384615384615385,5.215914487838745,1,650c9GCkujN5yX2Hq3ptgvj3003
0,0.6666666666666666,4.118010520935059,1,2024omrZBF4Urqdr7C3eyKVT2168
0,0.9090909090909091,5.017136096954346,1,629HsNl5Qf3THUq_CbmFrSx28
0,0.0,4.876646280288696,0,2472J9OcrMuEU-NMunTzS_UI1846
0,0.0,0.49460530281066895,0,1028r9dv8iRRQSL7Ihwkp7tz330
0,0.45454545454545453,6.949334383010864,1,2683ZWKumnsegnDtGeIxL8lV1013
0,0.33333333333333337,4.792685270309448,1,1589mo7D-joKXh635Vo4Jd911266
0,0.5384615384615384,4.617329359054565,1,2156cAAwtbnblT7bk5Q4OXmn4206
0,0.5,4.747789621353149,0,26914YUvq_aYLzOyH3_GkM4E989
0,0.12820512820512822,7.701247453689575,0,1025Ra_IZNvQuUI7Ec5aTeot340
0,0.6,6.009638071060181,1,2997pY-cnb_SN-LcFfS41l9P3870
0,0.0,3.2542476654052734,0,581eQPPkrKHcN8_8Sw_9yqc167
0,0.3,4.015233278274536,1,101195_WiJNTm5lUVJPBEQsu380
0,0.0,2.661895751953125,0,2957RON0RMexHAq6R8NDth-G3967
1,1.0,3.713334798812866,1,2229yjbOaiHjJ3l8FpptH4HW4022
0,0.0,5.718409299850464,1,5460SSbREtZ85AA4OPt7HWf271
1,1.0,3.9914231300354004,1,2493Wl0nyJ_0srCt24KRwauj1800
0,0.6666666666666666,4.765745162963867,1,1461b77FDHPFXFe4yi5Nhcwr2091
0,0.0,3.4295268058776855,1,1578v7s2xtga3UWShr9dGwp01295
0,0.04597701149425287,7.718111991882324,0,1798KfLl6KS7V9XT4gra5ItO3437
0,0.42424242424242425,7.747851610183716,1,13571OZrZVDhI2J41tg7Luts799
0,0.6666666666666666,3.2408225536346436,1,1556RL1OU4mcoPPe2rTqDdxN1350
1,1.0,4.00818943977356,1,640UbntiFko68p3ukz6iGpI3034
0,0.0,0.6730344295501709,0,552u6iTkQp7-Upz70482xTM254
0,0.1111111111111111,1.5995144844055176,0,2134Bi8K76FZoKK6ZdoHexNd1407
0,0.888888888888889,4.960888385772705,1,2950gZ4P4mJPFr8zvaCPmgqF3984
0,0.8,4.585284471511841,1,1185QUMqAkrbMIjcG5gvt2YM3201
0,0.4,3.416402578353882,1,1512f5HEXhPfS3cf7nh-tboG1992
0,0.0,3.145954132080078,0,2589xXJabxuTAbaSikLKRb-g2417
0,0.823529411764706,4.60735297203064,1,24403xNlc7XEY3nh7XxknbP31918
1,1.0,3.179503917694092,1,1764sM214smx3pexNt7ihmYZ3512
0,0.06666666666666668,4.188847780227661,0,2091kDMDjhUS9p5SR35iSJSB1530
0,0.8,4.141340970993042,1,1459Gtt57D0AV39kKJE2bz4b2095
0,0.5333333333333333,1.5881667137145996,0,20751yhuHsp4GA5IYz4deJsk1577
1,1.0,4.871036767959595,1,1411rDFl1-2KKRZG_zvEhPJb654
0,0.4444444444444445,1.083827018737793,0,616OWtj6d8Wd_SHB_8cDpHD67
0,0.2222222222222222,0.7516331672668457,0,995Mjg3IZGW2wc7ddFCk8vg418
0,0.0,2.0986924171447754,0,707rbJ8T66FV5pGZGyETeS02861
0,0.1322314049586777,20.22168207168579,0,2093f84OlebSpPLq7CIoCbc51523
0,0.11111111111111112,2.1975347995758057,0,1201NDB1j3x1mhteENUtx2Uf3154
0,0.5454545454545454,4.572461843490601,1,1210NBV6o_IHthJvbrF9UTR43125
0,0.11111111111111112,5.577808141708374,1,1546qtYa8CJzD3uH6TiJXvze1376
0,0.5,3.139580488204956,1,1802TzfzNhOqk3YbRW3ibRGt3428
0,0.0,6.2110209465026855,1,9060M-eUQVT4tdQgPtZ-brd2608
0,0.0,2.087883710861206,0,9229vCEiyj7IT-qcEDEXgvZ2560
0,0.4615384615384615,5.639702320098877,1,1950b8OIQ8bzZrEdme_QFejW2297
0,0.16,7.7982566356658936,0,2410IRpfau2-Ltn2-LoMkPNf3631
0,0.15384615384615383,1.6285288333892822,0,2588DwrxR7iNWl5O2r3FLLSK2419
1,1.0,3.912180185317993,1,2640qGTRBDkuytVF7DgH9rac1133
0,0.11111111111111112,5.573680639266968,1,9708OuWanhVP-hqUoh93Luk491
0,0.6666666666666666,3.6054861545562744,1,913vnJ7FuCx73C-Vyaofcns2587
1,1.0,4.299785137176514,1,1945_7jADD_G_gdbFReCrUtY2310
0,0.05128205128205127,4.0789573192596436,0,c06d584fa73d49c8b8277354ec563cba
0,0.3125,8.313966751098633,0,2508GyO7kZECUGQ3Ln8manrq1764
1,1.0,4.342039585113525,1,255102VMp0rT3lE5qKZReHI62486
0,0.08333333333333333,6.87516188621521,0,2655YDVlTu5g8XP-s_xoiAGt1095
1,1.0,4.614307165145874,1,2103yGieEHPDGAmeuapsFKsj1498
0,0.3333333333333333,3.0534369945526123,0,1373md66uV8NUYn6tLcFPoUa755
0,0.5,3.2231202125549316,1,1785-_093vWZJxwqV0Mwx6bG3462
0,0.5714285714285715,3.3227202892303467,1,1381nh2SdDr2eWku393B09QY735
0,0.14285714285714288,5.025739908218384,1,1606ixCVPmgAtLujhTmR7TkV1221
1,1.0,5.341166019439697,1,1786I5qlkjh5HPU7gv2S4fXA3460
0,0.05714285714285714,2.057035446166992,0,2499V-2FlPo6WVsoWpisdH6C1784
1,1.0,3.5741748809814453,1,1528gtejhc_4xiAJRnNQX5fY1950
1,1.0,5.798901557922363,1,708Hy1_nMQxQpRgTmBhJ1IB2858
0,0.8571428571428571,4.238738775253296,1,3004GygMUfp60E04HQswkbY53853
1,1.0,3.0548598766326904,1,895GTgHWgOsJfWGzfuk0cBw2640
0,0.06896551724137931,3.666377067565918,0,2374SSI1oS9XmyEgbmaPIMGm3700
1,1.0,3.736024856567383,1,2224WT9qVEbYuJZkZlYlFqvu4039
0,0.18181818181818182,1.6443579196929932,0,2615nIRZaSedAQN4xOsUpgWf2369
0,0.0,1.9375617504119873,0,2340-UH-PIG4sGreW8w-HZcs3780
0,0.0,0.5106155872344971,0,2604w8Y2Cl6uiR5M0-ejmWMM2384
1,1.0,3.727412700653076,1,1533QCzr5BjBIkY0Ic8bG-GH1937
0,0.0,1.2352070808410645,0,2026yIVtrJbiaYcqiJLKF7l92163
0,0.36363636363636365,4.756293296813965,1,2647wx3YQTfZqS0kaThBNcMd1114
0,0.8695652173913044,4.468787431716919,1,953eF6SuRKllGSbKQ3CTK_8542
1,1.0,4.163933038711548,1,1426bEr-N4c6lQoKgO9HYKbw611
0,0.15384615384615383,1.6008079051971436,0,713-mcsQX--u0E9HOv0wOBY2846
0,0.6666666666666666,9.366973400115967,0,2173oSldYZR3JLWnzYW3O77H4161
0,0.1111111111111111,2.0207419395446777,0,556P8pjHZyb4ejA9BA5GDtx242
0,0.6666666666666666,3.0345070362091064,1,1805jD6pXVUKWTExN0qvvGu63423
0,0.5517241379310345,1.9017338752746582,0,2080DF2p6ax3v1-aUbtGWT4O1561
0,0.4,4.988367557525635,0,15208OmvhIK608dqFRGSSOAV1973
0,0.6666666666666666,3.6654434204101562,1,1143GfNyvAU7ymTE77VLNZnG3321
0,0.4444444444444445,6.188931941986084,1,2108cT1EpZ4KVx-gQkxVCsU81485
0,0.4444444444444445,3.7070798873901367,1,26242_7PGIerv2Q0zGtONaPz2353
0,0.6666666666666666,0.8975114822387695,0,2206I8Vkp53Zdu1cUBnnuvdS4081
0,0.5333333333333333,5.186205625534058,1,3025_iaJPF1EGsooMPEGZwvG3806
1,1.0,4.818434000015259,1,260778F0v0DAsxDp5cLyPs1O2375
0,0.09090909090909091,2.0037038326263428,0,1430c-EOOP47sw8eHQFzvYMg599
0,0.8421052631578948,4.803762435913086,1,2376Yb5AiC3i4WBM8VzRNZY73697
1,1.0,4.330448865890503,1,30097-Lb9tKHWA_8Z-1p8-LH3842
0,0.0588235294117647,4.160553693771362,0,29814YmrvhgM84gEBT0lVxvw3907
