exact_match,f1_score,time,step,dataset_id
0,0.2857142857142857,6.978765249252319,0,945tBlPoKsnHp4m96z6_5la565
0,0.13333333333333333,12.301557779312134,0,967mE-YQ6GKIOciQhgemIuu498
1,1.0,4.826000690460205,0,2684Tsl9g-K98ihJB9COTF6d1011
0,0.2857142857142857,19.605197191238403,0,3013qWOe5GAKobQj6VkNX1a83834
0,0.0,6.444526195526123,0,3036vybNVfi22WAmwyXaCyoP3790
1,1.0,7.959336519241333,0,575_whZmLvyvEEXouWkoc8Q185
0,0.35294117647058826,6.261404752731323,0,701k_RQvhmFwArZx0ORLSmx2876
0,0.6,4.6171228885650635,0,1169sLy1F9DsgmSEU3gCb28W3246
1,1.0,3.66747784614563,0,6697jIYtcKSoYakHzaLUALm2953
0,0.12903225806451613,8.07612681388855,0,1767ntexZ4EBPQrmdM1oWDDE3503
0,0.5454545454545454,6.119013786315918,0,2071kHxLVZsdxtm6xVPXQcML1588
0,0.37037037037037035,13.673809051513672,0,2422AkNZxKVfPVF92vs5qzLX3610
0,0.0,7.217729330062866,0,3009H9M_TNpQCxuXCdfB9kCI3841
0,0.4444444444444445,4.576292276382446,0,593kmxrhCum30V8LO3FwczX131
0,0.0,5.6857054233551025,0,1792pLMxkyBoluA32NPBVhWK3450
0,0.0,3.836242914199829,0,954ewPFqe0IjyBJN77y7QiK538
0,0.5714285714285715,4.86873197555542,0,2686JOWKciP4s6sWuWPuyo-d1005
0,0.6153846153846153,4.986640453338623,0,846dI6s8NANbI0cXEx7WJXa2761
0,0.23076923076923078,7.964513301849365,0,2125Vbp22wSh0VwBbUKAfI0y1435
0,0.5,15.280415534973145,0,866LtsA6S3dXyfEn4lwSbj-2706
0,0.0,5.141328811645508,0,882doeTQayJlOLXdbcJEWxe2666
0,0.0,10.749999523162842,0,924h9Ft9SWd5mJ8NvTErCl72554
1,1.0,8.136395692825317,0,635Jf_-DqbwtcPrT7rU-Jws10
0,0.6666666666666666,8.325920104980469,0,2098D1dsKeKH0xANz6zd6LSO1513
0,0.0,6.114446401596069,0,8982jMja-0mYqXcdvoFxJxW2630
0,0.0,6.801336288452148,0,2062VZLt42f5YfL_F5YiZJ9_1614
0,0.888888888888889,5.081820249557495,0,2375ik4L_hJmM72qf0e1dYMH3698
0,0.0,3.50443172454834,0,988aqEFeThHG5fa_FOI-9nu436
0,0.0,3.9125709533691406,0,683aqqwKP1KduPxIkVF7N9F2917
0,0.6666666666666666,9.636942148208618,0,660LK3Me9by6QtGlAhc9ZgG2978
0,0.09523809523809523,13.444660902023315,0,1342n57h5KFhZrmo2TPiuwv5845
0,0.15384615384615385,5.5099170207977295,0,1775dGCKacaEaf4vXnKBh4Rd3488
0,0.9,3.3072404861450195,0,879e8JaFZiS1bIPJKfr-NO82676
0,0.08695652173913045,14.799274444580078,0,604BaVh8B5igEaFS0x8dDlu99
0,0.7368421052631579,5.666637420654297,0,684byYz4orMrh60-Fxhgy3n2915
0,0.09090909090909091,8.365036010742188,0,667rAHXuSUPsljQVxvIq2TT2958
0,0.8571428571428571,4.21138596534729,0,2499V-2FlPo6WVsoWpisdH6C1783
0,0.3157894736842105,6.708289384841919,0,24325JvjgPXosVnug4HXcsdC3598
0,0.10389610389610389,11.390471458435059,0,1469nqp1NXhfX10HhPcrdOO62071
0,0.02564102564102564,12.1175537109375,0,22165cE4SIrSj4XGK-I-cUmM4056
0,0.5,4.963385581970215,0,1216-uAt0pBo8VUzVu7fmS2y3107
0,0.4444444444444444,3.970797300338745,0,1149B_z0nE_Bw4gpJMErDvZF3303
0,0.19999999999999998,5.669781923294067,0,1825MtNCYtNGCoORkHQFRAhq3374
1,1.0,7.369101285934448,0,2593NhMXH8FIz_rRIuHg7cJ32408
0,0.3636363636363636,6.219857692718506,0,2969gQlMvd6FhSZMcTlnE-C13935
0,0.0,6.522034406661987,0,2224WT9qVEbYuJZkZlYlFqvu4038
0,0.0,7.185205698013306,0,985ZjvvC0gTx6zRqASlgtzC445
1,1.0,14.20020055770874,0,1965XlnqIGyuwSvdQjdZBJ8t2263
0,0.6206896551724138,5.421890020370483,0,9708OuWanhVP-hqUoh93Luk490
1,1.0,15.6032235622406,0,1590DQgHfimikqgwh-c_JwUe1261
0,0.4117647058823529,5.899051904678345,0,1023T61MYdUxsFVCRfnKl5B0345
1,1.0,4.82728385925293,0,1475f3__mr6HOl60yEXYvb4i2059
0,0.0,5.63324236869812,0,2109wDBr_5DTMGUIMawARy5V1481
0,0.3888888888888889,11.91026258468628,0,29814YmrvhgM84gEBT0lVxvw3906
1,1.0,6.396597862243652,0,24419ElQ6t4Xid93KqYjJXMT1915
1,1.0,12.44783878326416,0,564nvWBMTyMNmhonDBcxkha218
1,1.0,6.661243438720703,0,983lsArLcvfSEq21Yv9hyIq451
0,0.2857142857142857,7.590100049972534,0,1618DNm6lX3wftxfj2fnuyVr1186
0,0.125,7.361853361129761,0,869tyTpa9rKUcCPdLKs8WYm2699
0,0.34782608695652173,5.7285990715026855,0,1823OCTxsYW2VwXgoqBEFKRB3380
0,0.8,4.327282905578613,0,1835xWOwAfgrbHJnPbJjkinW3346
0,0.052631578947368425,7.8361523151397705,0,29746uLZOTxxVUkngoUfAtI03924
0,0.0,10.596369981765747,0,8616U9DJ4emRPwsHZTqmdGu2714
1,1.0,8.739081144332886,0,2997uuJN0Yt55vdTFyk9kAUA3869
0,0.0,5.302567958831787,0,2703tHS1apl2j5UgPSEuvXw2955
0,0.33333333333333337,6.04502272605896,0,2124hG4KLqALJOOHr-3PHVOG1436
0,0.0,4.903304576873779,0,1559OCcb7F7icUkYfeTFgLDJ1339
0,0.4347826086956522,8.040663242340088,0,942YwxEcLEOCAotnSzvxJj-575
0,0.2222222222222222,6.177278280258179,0,2148ORbgn9xAFsNQtzXY__rj4228
1,1.0,11.748304605484009,0,2561RPearP2qJJF5nNBvVQ1L2467
1,1.0,8.972145080566406,0,948uYfQaDqdMCAYnSxY-SL1556
0,0.0,10.577338218688965,0,2063xkIouWNgoRjOGLoCZ1bE1611
1,1.0,3.6671314239501953,0,2358jqFEmp4cxrm3AWKZILMj3737
0,0.0,6.989518880844116,0,8521sw4TcnPagCQEoFKD9fN2741
0,0.7499999999999999,4.94365119934082,0,2733NKE9l-FIURwp5kMM_ty2874
0,0.11764705882352941,7.3906755447387695,0,901d0BwILQTPPl4oiAkiW0N2621
0,0.7058823529411764,5.123194694519043,0,134108m1Km6HBkINwlourrYc849
0,0.05,8.728779077529907,0,873MgMnuCFZMazeJj3xQgmP2691
